2 0.83515625 0.89296875 0.1984375 0.2140625
2 0.77421875 0.6328125 0.20234375 0.240625
2 0.13828125 0.6765625 0.22890625 0.259375
2 0.36640625 0.92421875 0.2234375 0.14375
2 0.57265625 0.746875 0.19296875 0.3046875
2 0.2140625 0.7984375 0.23515625 0.27734375
2 0.378125 0.4734375 0.1921875 0.2125
2 0.91953125 0.4765625 0.16015625 0.21015625
2 0.69609375 0.52421875 0.1609375 0.190625
2 0.42578125 0.7171875 0.17734375 0.2484375
2 0.57109375 0.4625 0.16875 0.23203125
2 0.815625 0.403125 0.14609375 0.196875
2 0.1515625 0.42578125 0.184375 0.228125
2 0.72265625 0.7890625 0.1109375 0.16796875
2 0.0515625 0.36796875 0.1 0.159375
2 0.48671875 0.32421875 0.13125 0.184375
2 0.18671875 0.3078125 0.16484375 0.15
2 0.12734375 0.24921875 0.153125 0.12265625
2 0.83671875 0.2953125 0.1234375 0.11953125
2 0.27421875 0.17734375 0.1421875 0.1265625
2 0.7390625 0.18984375 0.12890625 0.10859375
2 0.5921875 0.19765625 0.1328125 0.128125
2 0.54453125 0.0859375 0.13046875 0.12109375
2 0.73828125 0.096875 0.1171875 0.0953125
2 0.33828125 0.30234375 0.11171875 0.16171875