3 0.578125 0.4625 0.203125 0.25546875
3 0.15 0.4296875 0.18046875 0.215625
3 0.140625 0.68515625 0.228125 0.2640625
3 0.58671875 0.71640625 0.221875 0.26015625
3 0.828125 0.8921875 0.228125 0.215625
3 0.37734375 0.93203125 0.24375 0.1359375
3 0.38046875 0.47421875 0.2046875 0.21875
3 0.50703125 0.32890625 0.17578125 0.20546875
3 0.9203125 0.47734375 0.159375 0.22578125
3 0.21328125 0.80234375 0.23828125 0.29921875
3 0.45078125 0.75625 0.14296875 0.290625
3 0.7703125 0.6328125 0.17578125 0.2375
3 0.89921875 0.6765625 0.13125 0.203125
3 0.60625 0.2 0.140625 0.140625
3 0.13046875 0.2375 0.1421875 0.11484375
3 0.04921875 0.365625 0.0984375 0.175
3 0.1953125 0.303125 0.15234375 0.14140625
3 0.8140625 0.40703125 0.134375 0.1765625
3 0.2765625 0.17578125 0.1375 0.12421875
3 0.54921875 0.0828125 0.12578125 0.1234375
3 0.740625 0.18671875 0.12265625 0.12734375
3 0.78359375 0.315625 0.1390625 0.12578125
3 0.41875 0.1046875 0.121875 0.075