3 0.115625 0.1109375 0.17265625 0.14375
3 0.27734375 0.0984375 0.159375 0.134375
3 0.81484375 0.08671875 0.159375 0.13359375
3 0.1265625 0.26875 0.1578125 0.1296875
3 0.48046875 0.1 0.1625 0.134375
3 0.6484375 0.0828125 0.1625 0.1328125
3 0.3 0.24921875 0.1578125 0.1296875
3 0.13671875 0.434375 0.159375 0.12890625
3 0.48515625 0.2578125 0.1578125 0.1296875
3 0.8484375 0.25234375 0.1578125 0.1296875
3 0.109375 0.584375 0.15625 0.12578125
3 0.29453125 0.55546875 0.15546875 0.12265625
3 0.65859375 0.25625 0.159375 0.13046875
3 0.33046875 0.41015625 0.15625 0.1265625
3 0.875 0.4140625 0.15859375 0.1296875
3 0.5171875 0.4125 0.15703125 0.128125
3 0.69921875 0.415625 0.159375 0.12734375
3 0.86796875 0.5765625 0.15859375 0.1265625
3 0.678125 0.57265625 0.1578125 0.125
3 0.49375 0.575 0.153125 0.121875
3 0.1109375 0.725 0.15546875 0.12265625
3 0.88671875 0.709375 0.15703125 0.121875
3 0.31640625 0.70546875 0.1546875 0.12109375
3 0.6859375 0.70390625 0.15625 0.121875
3 0.48828125 0.70546875 0.15234375 0.11953125
3 0.32734375 0.8421875 0.15390625 0.12109375
3 0.1171875 0.86640625 0.1578125 0.121875
3 0.69609375 0.85703125 0.15625 0.12265625
3 0.875 0.86640625 0.15625 0.12265625
3 0.51640625 0.8484375 0.153125 0.11953125