0 0.65625 0.73046875 0.27109375 0.1921875
0 0.22734375 0.71015625 0.221875 0.1828125
0 0.4875 0.6046875 0.1953125 0.171875
0 0.3203125 0.58125 0.22109375 0.1796875
0 0.63515625 0.5265625 0.21875 0.1734375
0 0.0953125 0.4609375 0.18984375 0.1671875
0 0.33359375 0.36484375 0.2109375 0.16171875
0 0.5359375 0.4171875 0.2140625 0.16328125
0 0.140625 0.3015625 0.20859375 0.1578125
0 0.75078125 0.40625 0.21328125 0.16484375
0 0.6375 0.265625 0.2078125 0.15703125
0 0.4328125 0.27578125 0.20859375 0.15703125