0 0.36015625 0.23515625 0.22578125 0.23984375
0 0.08203125 0.37890625 0.16015625 0.265625
0 0.540625 0.42734375 0.23046875 0.240625
0 0.7421875 0.25 0.21328125 0.2578125
0 0.88828125 0.0875 0.2234375 0.1734375
0 0.92578125 0.346875 0.1484375 0.284375
0 0.84375 0.6796875 0.2375 0.27578125
0 0.2875 0.7984375 0.234375 0.259375
0 0.0671875 0.76171875 0.1234375 0.2921875
0 0.22578125 0.62578125 0.23125 0.240625
0 0.51875 0.85234375 0.21328125 0.15625
0 0.603125 0.6640625 0.228125 0.28046875
0 0.6296875 0.1 0.21640625 0.1828125
0 0.303125 0.3953125 0.23828125 0.228125
0 0.14609375 0.07890625 0.24140625 0.14609375
0 0.4046875 0.0578125 0.24609375 0.1140625