0 0.5390625 0.41484375 0.22421875 0.24296875
0 0.36171875 0.2390625 0.22265625 0.24609375
0 0.30625 0.396875 0.23203125 0.2359375
0 0.603125 0.66328125 0.2296875 0.27421875
0 0.21875 0.63125 0.221875 0.2546875
0 0.8421875 0.678125 0.22890625 0.27734375
0 0.74453125 0.2625 0.225 0.26796875
0 0.0796875 0.3875 0.15859375 0.2578125
0 0.921875 0.34453125 0.15546875 0.2671875
0 0.1140625 0.26640625 0.2046875 0.2328125
0 0.62421875 0.1046875 0.225 0.20859375
0 0.2921875 0.79765625 0.2296875 0.26640625
0 0.88515625 0.09375 0.21953125 0.1875
0 0.525 0.26640625 0.17265625 0.2140625
0 0.4078125 0.071875 0.22109375 0.14375
0 0.1390625 0.075 0.21875 0.15
0 0.271875 0.14921875 0.1546875 0.25859375
0 0.9109375 0.49453125 0.1765625 0.2015625
0 0.41640625 0.73046875 0.15546875 0.25390625
0 0.3328125 0.5359375 0.2015625 0.21015625
0 0.51328125 0.84765625 0.23359375 0.16640625
0 0.77734375 0.5859375 0.1484375 0.24609375
0 0.7734375 0.8265625 0.2078125 0.20625
0 0.06171875 0.7359375 0.12265625 0.3375
0 0.46328125 0.52578125 0.1078125 0.19140625
0 0.08671875 0.5375 0.16484375 0.2046875
0 0.16015625 0.84375 0.1171875 0.1703125
0 0.92890625 0.85390625 0.13671875 0.1546875