0 0.42734375 0.17265625 0.14609375 0.1296875
1 0.54609375 0.2984375 0.1546875 0.15859375
1 0.71171875 0.22734375 0.153125 0.140625
3 0.74921875 0.5125 0.1546875 0.16875
0 0.42734375 0.66171875 0.125 0.15546875
6 0.6109375 0.58046875 0.14921875 0.15390625
1 0.625 0.42265625 0.159375 0.1359375
0 0.44765625 0.45078125 0.14609375 0.12890625
0 0.4125 0.325 0.1328125 0.12734375
0 0.31015625 0.45078125 0.146875 0.1390625
6 0.26171875 0.61875 0.15390625 0.16796875
6 0.26328125 0.80859375 0.146875 0.16328125
0 0.3875 0.896875 0.1625 0.1609375