0 0.48125 0.31484375 0.08046875 0.0796875
6 0.55234375 0.3734375 0.08125 0.07734375
6 0.50234375 0.45078125 0.08359375 0.0765625
0 0.33046875 0.45390625 0.078125 0.0703125
0 0.4171875 0.5046875 0.07109375 0.0734375
0 0.56328125 0.571875 0.06953125 0.084375
0 0.54296875 0.75390625 0.08828125 0.090625
0 0.4046875 0.62890625 0.0828125 0.08515625
0 0.51171875 0.653125 0.08359375 0.08359375
0 0.675 0.65078125 0.08984375 0.08203125
1 0.41328125 0.4015625 0.08671875 0.084375
1 0.6359375 0.5265625 0.08203125 0.0859375
1 0.74140625 0.54140625 0.09453125 0.08359375
6 0.490625 0.534375 0.07734375 0.078125