7 0.35703125 0.13515625 0.26796875 0.19765625
7 0.59375 0.1328125 0.23203125 0.17578125
7 0.221875 0.32421875 0.23828125 0.18359375
7 0.4640625 0.30625 0.23203125 0.17890625
7 0.70625 0.2921875 0.234375 0.17734375
7 0.73515625 0.46875 0.23984375 0.17734375
7 0.190625 0.50625 0.24296875 0.18203125
7 0.4671875 0.4859375 0.23203125 0.17734375
7 0.5203125 0.66328125 0.23203125 0.18046875
7 0.7578125 0.6453125 0.23515625 0.1765625
7 0.278125 0.690625 0.24140625 0.18515625
7 0.6546875 0.8078125 0.23515625 0.175
7 0.39921875 0.8453125 0.2390625 0.1765625