6 0.34609375 0.10078125 0.17734375 0.13671875
7 0.759375 0.2171875 0.1796875 0.13984375
7 0.85390625 0.4109375 0.184375 0.14453125
6 0.63515625 0.3859375 0.1734375 0.13671875
0 0.4265625 0.39765625 0.1671875 0.13125
0 0.16953125 0.28828125 0.1671875 0.1296875
0 0.27890625 0.50546875 0.16796875 0.125
0 0.6046875 0.59296875 0.16171875 0.12734375
0 0.73671875 0.6890625 0.1515625 0.11796875
0 0.6015625 0.81171875 0.15 0.11875
6 0.38125 0.64453125 0.17578125 0.1390625
6 0.19921875 0.76875 0.175 0.1328125