6 0.55859375 0.19609375 0.16875 0.1359375
6 0.7828125 0.246875 0.16953125 0.1296875
6 0.80703125 0.41796875 0.1640625 0.1359375
6 0.7828125 0.6015625 0.16171875 0.125
1 0.7015625 0.740625 0.17890625 0.14140625
1 0.36015625 0.8328125 0.184375 0.13984375
1 0.2484375 0.68515625 0.18515625 0.14296875
1 0.58671875 0.5296875 0.18046875 0.14296875
1 0.33984375 0.190625 0.178125 0.14375
0 0.3796875 0.48515625 0.1625 0.12265625
0 0.44765625 0.33515625 0.15703125 0.1265625
0 0.14765625 0.41015625 0.15390625 0.12109375
0 0.1171875 0.54140625 0.15390625 0.11484375