3 0.15 0.17734375 0.1578125 0.1296875
3 0.62890625 0.29140625 0.16796875 0.13125
3 0.83046875 0.50078125 0.171875 0.1296875
3 0.54375 0.490625 0.1734375 0.140625
3 0.559375 0.78359375 0.1703125 0.1375
6 0.715625 0.89296875 0.1375 0.1125
6 0.53515625 0.621875 0.14296875 0.10625
6 0.60390625 0.05859375 0.1390625 0.11328125
6 0.503125 0.1984375 0.1328125 0.103125
1 0.346875 0.221875 0.14296875 0.11171875
1 0.31953125 0.3890625 0.1484375 0.11171875
1 0.21875 0.640625 0.15703125 0.1203125
7 0.8078125 0.35859375 0.14921875 0.11328125
0 0.83359375 0.7265625 0.1234375 0.09765625
0 0.39921875 0.55703125 0.1296875 0.0984375
0 0.29921875 0.75625 0.12890625 0.1015625