2 0.78046875 0.6265625 0.30234375 0.3546875
2 0.4546875 0.57734375 0.30703125 0.371875
2 0.13046875 0.73125 0.2609375 0.353125
2 0.54765625 0.2203125 0.28359375 0.3609375
2 0.34375 0.75859375 0.2234375 0.29609375
2 0.7015625 0.15234375 0.2984375 0.30390625
2 0.3453125 0.25 0.25 0.3546875
2 0.23984375 0.4453125 0.178125 0.33359375
2 0.0890625 0.296875 0.17578125 0.3484375
2 0.91484375 0.35546875 0.16328125 0.2953125
2 0.70703125 0.44375 0.2578125 0.2578125
2 0.08984375 0.50234375 0.1796875 0.2640625
2 0.61796875 0.83984375 0.3078125 0.13828125
2 0.875 0.79921875 0.2484375 0.215625
2 0.88984375 0.125 0.15078125 0.2140625
2 0.11953125 0.096875 0.2359375 0.19375
2 0.36796875 0.03671875 0.246875 0.07265625