0 0.8 0.6578125 0.178125 0.209375
1 0.4140625 0.8125 0.16875 0.22421875
6 0.27578125 0.93515625 0.15 0.12734375
6 0.08828125 0.51171875 0.14453125 0.1984375
1 0.2859375 0.56875 0.159375 0.2203125
6 0.440625 0.559375 0.15625 0.2140625
6 0.196875 0.39140625 0.14765625 0.2046875
6 0.19296875 0.16875 0.15390625 0.21796875
3 0.34296875 0.28125 0.1875 0.26015625
0 0.503125 0.3328125 0.14609375 0.203125
1 0.4765625 0.0484375 0.18125 0.096875
6 0.6421875 0.2140625 0.17109375 0.2375
0 0.12109375 0.6984375 0.13359375 0.18046875
0 0.58671875 0.90390625 0.14921875 0.190625
0 0.25078125 0.775 0.1375 0.18671875
0 0.6328125 0.72265625 0.14921875 0.19765625
0 0.146875 0.9046875 0.13359375 0.18046875