6 0.25390625 0.23046875 0.21796875 0.2765625
0 0.446875 0.60625 0.17734375 0.23671875
0 0.28046875 0.48515625 0.18046875 0.24140625
1 0.66328125 0.67734375 0.21484375 0.28203125
6 0.7375 0.35703125 0.20859375 0.27734375
0 0.93125 0.596875 0.13125 0.24453125
6 0.45703125 0.86640625 0.2 0.25703125
0 0.2890625 0.7640625 0.18125 0.240625
1 0.51640625 0.3453125 0.20234375 0.29140625
3 0.64609375 0.0765625 0.2515625 0.15234375
0 0.87890625 0.821875 0.18984375 0.24609375
6 0.428125 0.1171875 0.2 0.23046875
0 0.8546875 0.10625 0.1953125 0.2109375
3 0.66484375 0.9109375 0.2453125 0.17421875