2 0.66484375 0.9109375 0.24453125 0.1734375
0 0.87890625 0.821875 0.18984375 0.24609375
1 0.66328125 0.67734375 0.21484375 0.28203125
3 0.45703125 0.86640625 0.2 0.25703125
0 0.2890625 0.7640625 0.18125 0.240625
0 0.446875 0.60625 0.17734375 0.23671875
3 0.7375 0.35703125 0.20859375 0.27734375
3 0.2578125 0.23203125 0.2015625 0.27109375
0 0.28046875 0.48515625 0.18046875 0.24140625
1 0.51640625 0.3453125 0.20234375 0.29140625
0 0.93125 0.596875 0.13125 0.24453125
3 0.428125 0.1171875 0.2 0.2296875
2 0.64609375 0.0765625 0.2515625 0.15234375
2 0.9671875 0.0515625 0.06171875 0.10234375
0 0.8546875 0.10625 0.1953125 0.2109375