2 0.46171875 0.83671875 0.25078125 0.2234375
2 0.24921875 0.76640625 0.23125 0.18125
2 0.534375 0.66953125 0.2125 0.15703125
2 0.74609375 0.75078125 0.225 0.17109375
2 0.3453125 0.59609375 0.2078125 0.15
2 0.8140625 0.57890625 0.19765625 0.14375
2 0.628125 0.5265625 0.19375 0.13359375
2 0.16015625 0.5390625 0.2046875 0.1453125
2 0.08203125 0.70234375 0.15546875 0.175
2 0.44765625 0.47578125 0.19453125 0.12734375
2 0.27265625 0.4234375 0.18984375 0.121875
2 0.83125 0.4515625 0.18125 0.115625
2 0.11328125 0.37265625 0.18828125 0.11640625
2 0.66171875 0.40390625 0.178125 0.11171875
2 0.490625 0.3625 0.1734375 0.10546875
2 0.32890625 0.31796875 0.1734375 0.10390625
2 0.8703125 0.353125 0.16640625 0.103125
2 0.17421875 0.27265625 0.16875 0.10078125
2 0.90703125 0.26484375 0.1578125 0.0921875
2 0.7109375 0.30703125 0.165625 0.09921875
2 0.259375 0.1953125 0.159375 0.090625
2 0.55546875 0.2703125 0.15859375 0.0953125
2 0.4 0.234375 0.159375 0.0953125
2 0.33203125 0.125 0.15 0.08046875
2 0.76015625 0.22734375 0.15625 0.0875
2 0.61328125 0.19375 0.15078125 0.08984375
2 0.46953125 0.16328125 0.1515625 0.0859375